g = 9.8;
l = 1;
M1 = 1;
M2 = 10;
b = 4;
K1 = -15;
K2 = -1;
Phi0 = -80;
K3 = M1*l/(M2+M1);
K4 = g/l;
K5 = 1/l;